Intercept: -266946.69567658374
genreVec_Drama: -5926863.090214985
genreVec_Comedy: -1968030.5444590196
genreVec_Action: -1.4513098281922972E7
genreVec_Adventure: 2.312316401106711E7
genreVec_Horror: 1.1304486456111066E7
genreVec_Crime: -1.344017696812343E7
genreVec_Thriller: -1.007244993530421E7
genreVec_Animation: 4.8182370573832564E7
genreVec_Fantasy: -2830185.86589693
genreVec_Romance: 7120190.270174355
genreVec_Science Fiction: 2.748950055182927E7
genreVec_Documentary: 3405953.592276849
genreVec_Family: 3.725834152839163E7
genreVec_Mystery: 5397665.2070795195
genreVec_Music: -1.251508779417381E7
genreVec_N/A: -52236.15242948689
genreVec_Western: -1.663875233067181E7
genreVec_History: 3065574.8259958536
genreVec_War: -3.983004932900891E7
genreVec_TV Movie: -449934.85023178085
budget: 2.867526183633458
Mean Squared Error (MSE) = 1.2156755274210612E16
